%YAML:1.0
rotation: !!opencv-matrix
   rows: 3
   cols: 3
   dt: d
   data: [ 9.9998791354924865e-01, -1.8856873591405060e-03,
       -4.5405879139151879e-03, 1.9109666870817817e-03,
       9.9998266414455905e-01, 5.5695257132897169e-03,
       4.5300068147055431e-03, -5.5781353097347280e-03,
       9.9997418138906213e-01 ]
translation: !!opencv-matrix
   rows: 3
   cols: 1
   dt: d
   data: [ -5.2097581462624575e-02, 3.9778876620186822e-04,
       4.2965140409639956e-03 ]
essential: !!opencv-matrix
   rows: 3
   cols: 3
   dt: d
   data: [ -6.4085093811535516e-06, -4.2986584767802484e-03,
       3.7384895041981894e-04, 4.5324645104140035e-03,
       -2.9870924092386308e-04, 5.2076727675711622e-02,
       -4.9734070100014094e-04, -5.2095928201235479e-02,
       -2.8835262469218586e-04 ]
fundamental: !!opencv-matrix
   rows: 3
   cols: 3
   dt: d
   data: [ -5.6059683979507946e-09, -3.7810141188417158e-06,
       9.2092874825401116e-04, 3.9887065272447926e-06,
       -2.6431880721943255e-07, 1.5714295083067435e-02,
       -2.5950893407955850e-03, -4.4834509506535551e-02,
       9.9999999999999989e-01 ]
