%YAML:1.0
cameraMatrix: !!opencv-matrix
   rows: 3
   cols: 3
   dt: d
   data: [ 3.6334650740665228e+02, 0., 2.4908434815980837e+02, 0.,
       3.6135931478479762e+02, 2.1177032298668013e+02, 0., 0., 1. ]
distortionCoefficients: !!opencv-matrix
   rows: 1
   cols: 5
   dt: d
   data: [ 1.1966458453343554e-01, -3.4883306557663529e-01,
       1.1708753290198769e-04, 3.2005410161215403e-04,
       1.9155599528033490e-01 ]
rotation: !!opencv-matrix
   rows: 3
   cols: 3
   dt: d
   data: [ 1., 0., 0., 0., 1., 0., 0., 0., 1. ]
projection: !!opencv-matrix
   rows: 4
   cols: 4
   dt: d
   data: [ 3.6334650740665228e+02, 0., 2.4908434815980837e+02, 0., 0.,
       3.6135931478479762e+02, 2.1177032298668013e+02, 0., 0., 0., 1.,
       0., 0., 0., 0., 1. ]
