%YAML:1.0
depthShift: -1.8590785828594228e+01
