%YAML:1.0
cameraMatrix: !!opencv-matrix
   rows: 3
   cols: 3
   dt: d
   data: [ 1.0623193921606915e+03, 0., 9.7909062893026999e+02, 0.,
       1.0559687318943249e+03, 5.3611541322133598e+02, 0., 0., 1. ]
distortionCoefficients: !!opencv-matrix
   rows: 1
   cols: 5
   dt: d
   data: [ 5.0328903105359361e-02, -5.7530898288114619e-02,
       -1.4986570806780021e-03, 7.9274603061951429e-04,
       1.8327841834772936e-02 ]
rotation: !!opencv-matrix
   rows: 3
   cols: 3
   dt: d
   data: [ 1., 0., 0., 0., 1., 0., 0., 0., 1. ]
projection: !!opencv-matrix
   rows: 4
   cols: 4
   dt: d
   data: [ 1.0623193921606915e+03, 0., 9.7909062893026999e+02, 0., 0.,
       1.0559687318943249e+03, 5.3611541322133598e+02, 0., 0., 0., 1.,
       0., 0., 0., 0., 1. ]
